0
-1
-17
-33
37
263
661
1153
1614
1916
2014
1916
1628
1182
620
-4
-628
-1192
-1637
-1925
-2021
-1925
-1635
-1190
-626
-3
622
1184
1630
1916
2014
1916
1628
1182
620
-4
-628
-1192
-1637
-1925
-2021
-1925
-1635
-1190
-626
-3
622
1184
1630
1917
2015
1917
1629
1184
621
-3
-627
-1191
-1637
-1925
-2021
-1925
-1635
-1190
-626
-3
622
1184
1630
1917
2015
1917
1629
1183
620
-4
-628
-1192
-1637
-1925
-2021
-1925
-1635
-1190
-626
-3
622
1184
1630
1916
2014
1916
1628
1182
620
-3
-627
-1190
-1635
-1923
-2020
-1925
-1636
-1192
-628
-5
621
1182
1629
1915
2013
1915
1628
1182
620
-4
-628
-1192
-1637
-1926
-2022
-1927
-1637
-1192
-627
-5
621
1183
1629
1916
2015
1918
1630
1184
621
-2
-627
-1190
-1635
-1923
-2020
-1925
-1636
-1191
-627
-4
622
1184
1630
1916
2014
1916
1628
1183
621
-3
-627
-1191
-1637
-1926
-2022
-1926
-1636
-1191
-626
-4
621
1183
1629
1916
2015
1918
1630
1184
621
-3
-628
-1191
-1636
-1924
-2020
-1924
-1635
-1190
-626
-3
622
1183
1629
1915
2013
1916
1629
1184
622
-2
-627
-1190
-1636
-1925
-2021
