0
-32
-32
-96
0
160
608
1056
1504
1728
1856
1696
1440
992
480
-160
-736
-1344
-1728
-2016
-2080
-1984
-1664
-1248
-672
-64
544
1088
1504
1728
1856
1696
1440
992
480
-160
-736
-1344
-1728
-2016
-2080
-1984
-1664
-1248
-672
-64
544
1088
1504
1760
1888
1728
1472
1056
512
-128
-704
-1312
-1728
-2016
-2080
-1984
-1664
-1248
-672
-64
544
1088
1504
1760
1888
1728
1472
1024
480
-160
-736
-1344
-1728
-2016
-2080
-1984
-1664
-1248
-672
-64
544
1088
1504
1728
1856
1696
1440
992
480
-128
-704
-1280
-1664
-1952
-2048
-1984
-1696
-1312
-736
-128
512
1024
1472
1696
1824
1664
1440
992
480
-160
-736
-1344
-1728
-2048
-2112
-2048
-1728
-1312
-704
-128
512
1056
1472
1728
1888
1760
1504
1056
512
-96
-704
-1280
-1664
-1952
-2048
-1984
-1696
-1280
-704
-96
544
1088
1504
1728
1856
1696
1440
1024
512
-128
-704
-1312
-1728
-2048
-2112
-2016
-1696
-1280
-672
-96
512
1056
1472
1728
1888
1760
1504
1056
512
-128
-736
-1312
-1696
-1984
-2048
-1952
-1664
-1248
-672
-64
544
1056
1472
1696
1824
1696
1472
1056
544
-96
-704
-1280
-1696
-2016
-2080
